x1,x2,x3,x4,x5,x6,x7,x8,x9,x10,x11,x12,x13,x14,x15,x16
0.44285714285714306,0.0,1.5333333333333385,2.3000000000000043,-0.13333333333333286,0.6133333333333297,0.0,0.0,-11.442857142857143,8.18,3.1599999999999966,-3.0466666666666598,0.0,0.9500000000000028,0.0,2.0200000000000102
0.0,0.0,0.017142857142850687,0.0,-0.4333333333333371,0.20000000000000284,22.64,0.0,-0.5571428571428569,0.0,-1.2733333333333334,0.0,-0.7771428571428629,1.6571428571428513,0.0,2.1799999999999997
-0.4750000000000085,0.0,-8.325000000000003,-3.990000000000002,0.0,1.5571428571428498,-1.1571428571428584,0.125,0.0,-9.545000000000002,1.1571428571428513,1.0371428571428538,1.6199999999999903,-10.225000000000001,1.7333333333333343,0.0
0.9571428571428555,-2.0749999999999957,-2.2250000000000014,-0.5666666666666558,-0.2749999999999986,0.0,0.0,0.0,0.0,-7.025000000000006,1.25,1.366666666666653,-2.2066666666666706,-0.2333333333333414,-7.625,-0.9699999999999989
8.759999999999991,1.1500000000000057,-0.12000000000000455,0.0,-1.4571428571428555,0.0,0.0,2.1599999999999966,3.9666666666666615,-10.933333333333344,25.440000000000012,5.299999999999997,1.1800000000000068,1.3333333333333286,0.5,0.0
0.0,0.0,0.0,0.0,0.0,7.8799999999999955,0.0,-8.300000000000004,2.4666666666666686,0.0,-2.357142857142861,1.4333333333333371,6.4666666666666615,-6.275000000000006,1.1133333333333368,4.0
0.0,0.0,0.0,0.8933333333333309,4.0,16.1,0.0,0.0,-5.5,2.8999999999999915,-8.549999999999997,10.400000000000006,-9.857142857142847,1.3900000000000006,6.539999999999992,-2.6866666666666674
3.1971428571428575,1.357142857142854,6.200000000000003,9.240000000000002,4.899999999999999,-0.9428571428571502,0.0,-0.033333333333338544,-2.450000000000003,1.25,-8.524999999999991,0.0,8.366666666666674,0.0,0.0,5.333333333333336
0.5533333333333488,1.220000000000013,-2.4933333333333323,-4.877142857142857,0.6571428571428584,0.0,-1.095000000000013,12.33999999999999,0.0,-0.86666666666666,-19.74285714285714,0.0,5.799999999999997,0.0,-4.733333333333334,-4.786666666666669
0.13000000000000966,-0.03333333333333144,2.5700000000000074,-7.025000000000006,-0.02285714285714846,0.0,-11.224999999999994,1.2571428571428598,0.0,1.499999999999993,7.0,0.0,0.0,-3.8200000000000074,-7.142857142857139,0.0
0.0,-7.0,-6.980000000000004,0.0,-1.0999999999999943,0.0,0.0,4.100000000000001,-1.1499999999999915,0.0,0.0,3.8799999999999955,-7.8500000000000085,-0.8999999999999986,0.0,3.26666666666668
6.3999999999999915,0.0,-0.9666666666666686,-2.3900000000000006,-0.9000000000000057,-0.3133333333333397,-9.266666666666666,1.6599999999999966,0.0,0.0,-6.724999999999994,0.9571428571428484,0.0,-7.342857142857149,0.10000000000000142,-2.4466666666666654
11.679999999999993,7.700000000000003,0.0,0.0,0.0,0.0,0.0,-6.742857142857147,1.6500000000000057,0.0,4.566666666666663,-5.875,-1.2428571428571402,0.0,0.0,-1.357142857142854
0.28000000000000114,-4.900000000000006,-4.000000000000007,-10.975000000000001,1.1500000000000057,-0.25,-3.9250000000000043,0.13333333333333286,0.2333333333333414,3.1199999999999903,0.0,-6.600000000000001,-2.6799999999999926,1.3333333333333357,7.066666666666663,1.499999999999993
0.0,0.0,-1.375,-1.3249999999999957,-4.719999999999999,-13.664999999999992,0.0,0.0,-23.445,-11.410000000000004,0.0,0.29999999999999716,5.25,0.0,1.43333333333333,-0.9571428571428555
0.0,0.0,12.000000000000007,0.0,4.0,-0.4571428571428484,4.600000000000001,9.199999999999996,0.0,0.0,0.0,0.0,-8.033333333333317,-5.065000000000012,1.6971428571428575,0.0
0.04999999999999716,-0.3333333333333357,5.799999999999997,4.200000000000003,0.0,-0.23000000000000398,0.0,8.899999999999991,-0.5,-3.2666666666666586,-26.315000000000012,3.8799999999999955,0.0,-6.222857142857144,0.0,3.0
-3.73333333333332,0.0,-13.766666666666659,0.14999999999999858,-1.1999999999999957,0.0,0.0,0.13333333333333997,0.0,0.9666666666666615,5.1000000000000085,6.599999999999987,-3.5,9.399999999999991,-8.940000000000005,-10.299999999999997
-0.8050000000000068,-7.042857142857152,7.27000000000001,0.10000000000000853,1.8500000000000014,-0.3133333333333326,-6.524999999999999,1.857142857142854,1.5,-5.986666666666665,12.999999999999993,-0.25,-7.88666666666667,6.633333333333333,8.233333333333334,-0.962857142857132
-2.8428571428571487,-0.10285714285713965,21.500000000000014,-3.3999999999999986,0.0,-11.573333333333338,0.9500000000000028,12.289999999999992,-0.9000000000000057,-0.2571428571428527,-20.733333333333334,0.0,0.0,0.5600000000000023,-0.7733333333333334,0.0
