x1,x2,x3,x4,x5,x6,x7,x8,x9,x10,x11,x12,x13,x14,x15,x16
-0.8500000000000085,-6.299999999999997,-5.600000000000001,2.3000000000000043,0.0,-19.0,0.3333333333333357,5.769999999999996,0.0,0.893333333333338,-1.43333333333333,0.0,4.079999999999991,7.933333333333337,0.0,0.0
0.05000000000000426,4.029999999999994,0.19999999999999574,-7.025000000000006,-1.1333333333333329,-1.5333333333333385,3.942857142857143,-0.375,0.0,0.0,-3.6599999999999966,-1.0333333333333314,7.799999999999997,0.0,-3.700000000000003,0.0
-0.4750000000000085,0.0,-8.325000000000003,0.0,0.10000000000000142,-16.65,0.0,0.0,0.45000000000000284,0.0,0.12666666666666515,3.5,8.5,0.21000000000000085,0.0,-8.799999999999997
-7.259999999999998,2.1999999999999957,-3.142857142857146,4.826666666666668,-0.1599999999999966,-1.63333333333334,-15.046666666666667,0.4999999999999929,0.7999999999999972,0.25,8.289999999999992,-3.1666666666666643,4.0,0.8500000000000014,-4.4771428571428515,10.300000000000004
7.259999999999991,-2.3333333333333144,-0.5799999999999983,0.0,0.0,0.0,-1.1571428571428513,-1.8266666666666609,0.0,-6.213333333333338,-8.373333333333328,-4.474999999999994,1.2333333333333343,0.0,4.420000000000002,-4.893333333333338
6.599999999999994,-5.299999999999997,14.700000000000003,-2.8000000000000043,0.0,0.0,-21.45333333333334,-0.04999999999999716,-1.2999999999999972,1.3533333333333388,-16.64,-0.033333333333338544,-4.537142857142861,-0.15714285714285836,-3.357142857142854,-3.25
8.5,-2.414999999999999,12.5,5.270000000000003,0.0,-16.85,0.0,0.0,0.0,0.0,0.0,0.0,0.0,1.3900000000000006,6.539999999999992,0.0
0.0,0.0,0.0,2.739999999999995,0.0,0.0,-5.742857142857147,-8.842857142857145,0.8666666666666671,0.0,4.199999999999996,3.4971428571428547,0.0,-1.1666666666666643,4.3700000000000045,0.6500000000000057
-0.042857142857137376,0.0,-3.8028571428571496,-0.9349999999999881,4.899999999999999,0.5333333333333314,4.899999999999999,-12.415,3.8000000000000043,21.88000000000001,-13.125,-1.5333333333333385,1.0999999999999943,0.0,0.0,0.0
0.13000000000000966,0.0,0.0,0.0,0.0,-4.233333333333334,-11.225000000000001,1.2571428571428598,0.0,-13.299999999999997,-6.06666666666667,-5.273333333333333,0.0,0.0,-1.1371428571428552,-16.775
-4.233333333333334,1.0,2.549999999999997,9.340000000000003,1.0333333333333243,-1.1000000000000085,-3.0999999999999943,-1.1333333333333329,0.0,0.36666666666667425,-20.99000000000001,-7.329999999999998,0.0,10.919999999999995,-2.3999999999999986,0.0
1.3999999999999915,0.0,6.859999999999999,-3.450000000000003,-1.0999999999999943,0.0,-1.1749999999999972,-1.3333333333333357,-1.2000000000000028,3.5,4.5,-5.977142857142866,-7.566666666666663,0.29999999999999716,-4.786666666666669,8.299999999999997
0.0,7.700000000000003,2.049999999999997,7.75,-2.0999999999999943,0.0,-6.049999999999997,3.3499999999999943,0.0,0.0,0.0,0.0,-5.599999999999994,0.0,-4.419999999999995,-3.2333333333333343
0.28000000000000114,-4.900000000000006,0.0,-4.199999999999996,-1.8999999999999986,0.0,20.30000000000001,-5.433333333333337,-0.3333333333333357,-2.6099999999999994,10.200000000000003,0.3999999999999915,12.399999999999991,-4.700000000000003,-6.166666666666664,-4.450000000000003
0.0,0.06666666666667709,-1.375,0.79999999999999,-0.07499999999999574,-16.450000000000003,0.0,7.200000000000003,1.5666666666666629,0.0,0.20000000000000284,0.0,0.0,5.433333333333344,0.13333333333333997,0.0
-5.602857142857147,-16.99499999999999,0.0,7.105427357601002e-15,1.5500000000000043,0.0,0.36666666666666714,-1.7350000000000065,0.0,7.105427357601002e-15,-0.13333333333332575,-6.135000000000005,0.0,0.0,0.0,4.899999999999999
4.759999999999998,1.2000000000000028,-0.25,-11.594999999999999,0.0,0.0,-5.274999999999999,9.100000000000001,6.5,-3.2666666666666586,-7.450000000000003,2.7571428571428527,0.0,-0.6000000000000014,-1.9333333333333371,-18.434999999999995
-22.55714285714285,-0.04999999999999716,7.900000000000006,-3.3499999999999943,-1.75,2.049999999999997,-17.450000000000003,0.9666666666666686,-2.366666666666667,-0.30999999999999517,0.0,0.7666666666666657,0.0,0.0,3.200000000000003,0.0
0.0,9.170000000000002,-2.875,0.0,-1.3499999999999943,-0.3133333333333326,0.0,1.8266666666666609,-16.104999999999997,0.8333333333333286,0.5,0.0,0.0,0.0,0.0,4.266666666666666
-1.2000000000000028,2.1999999999999957,0.31714285714284784,-1.9549999999999983,5.299999999999997,0.0,-0.5,-0.5571428571428427,-1.2749999999999986,-5.225000000000001,-12.875,-0.8499999999999943,-8.024999999999991,-0.6499999999999986,13.399999999999999,11.399999999999999
