x1,x2,x3,x4,x5,x6,x7,x8,x9,x10,x11,x12,x13,x14,x15,x16
0.0,2.7533333333333303,-4.277142857142849,7.950000000000003,10.800000000000004,-0.125,0.0,9.879999999999995,-4.740000000000002,-0.1428571428571459,12.659999999999997,2.700000000000003,-15.5,-22.257142857142867,0.7666666666666657,-0.07499999999998863
0.0,-12.854999999999997,0.0,5.68666666666666,-6.1000000000000085,0.0,1.2333333333333343,-0.25,0.0,1.9800000000000004,0.0,25.0,3.7666666666666657,-10.0,0.0,9.319999999999993
-2.575000000000003,-2.875,0.0,9.400000000000006,1.759999999999991,0.7571428571428598,1.4666666666666615,0.0,2.3799999999999955,2.9666666666666615,-4.800000000000001,0.0,0.0,-4.559999999999995,-2.6666666666666643,17.299999999999997
4.0,13.0,-4.053333333333335,0.0,-7.4666666666666615,1.3400000000000034,0.0,6.0,0.0,-0.673333333333332,1.3333333333333428,0.0,0.480000000000004,-9.142857142857146,0.060000000000002274,0.4999999999999929
-0.3133333333333397,-0.3333333333333357,0.0,0.7500000000000142,-3.633333333333333,0.0,2.8399999999999963,1.2999999999999972,0.0,1.857142857142854,-0.12666666666666515,0.7999999999999972,0.1733333333333391,0.0,2.13333333333334,1.6000000000000014
0.0,-2.042857142857141,-1.3428571428571452,-1.6571428571428513,0.0,0.6000000000000014,-7.2628571428571504,5.6499999999999915,6.25,-0.06666666666666998,-4.399999999999999,10.099999999999994,8.499999999999993,1.893333333333338,-6.575000000000003,0.6099999999999994
0.2499999999999929,-3.1666666666666643,0.0,0.0,3.3500000000000014,5.049999999999997,-4.742857142857147,6.266666666666659,-11.325,-0.625,6.486666666666668,0.0,0.0,-8.555000000000007,2.7666666666666586,3.8999999999999915
1.5,-1.8666666666666671,-2.134999999999991,1.0,20.199999999999996,0.0,0.0,0.5,0.0,0.0,-1.1999999999999957,4.800000000000011,2.9000000000000057,2.70000000000001,0.0,-6.766666666666659
3.133333333333333,3.2666666666666657,0.0,-1.0133333333333354,0.0,11.800000000000011,-3.5333333333333385,1.43333333333333,-4.306666666666665,-4.506666666666664,3.93333333333333,0.3500000000000014,0.7733333333333334,-0.2749999999999986,0.0,-0.26285714285715045
4.510000000000005,-9.300000000000004,1.1571428571428513,0.0,0.0,6.933333333333337,0.0,0.0,3.4666666666666615,5.506666666666668,4.199999999999999,0.0,2.700000000000003,2.200000000000003,0.0,16.36
-5.319999999999993,8.699999999999996,4.359999999999999,-28.14285714285714,-3.346666666666671,0.0,2.0999999999999943,-0.5699999999999932,-1.5933333333333266,2.999999999999993,-5.826666666666661,-1.2666666666666586,0.0,-7.557142857142857,9.980000000000004,-2.499999999999993
0.0,-1.5571428571428498,0.0,-2.4200000000000017,-5.974999999999994,0.0,0.0,0.0,6.25,-0.12000000000000455,-0.013333333333335418,2.8500000000000014,-3.25,-3.433333333333337,-1.4500000000000028,-1.86666666666666
9.409999999999997,0.0,-2.2428571428571473,1.6133333333333368,0.0,-8.757142857142853,0.0,-11.025000000000006,-4.342857142857149,0.0,0.14000000000000412,-0.020000000000010232,-0.19999999999999574,7.43,-7.000000000000007,-1.2999999999999972
0.0,0.0,0.35714285714285765,0.13333333333333286,-5.957142857142848,0.0,0.0,0.5,0.0,0.0,0.0,9.0,0.0,-9.046666666666667,5.699999999999996,-3.093333333333341
14.900000000000006,18.5,6.080000000000005,0.0,0.0,7.700000000000003,0.0,-1.3100000000000023,0.0,0.0,3.566666666666663,-0.04000000000000625,3.760000000000005,0.0,10.900000000000006,-1.1666666666666714
-0.06666666666666998,3.066666666666663,0.0,-4.375,-10.965000000000003,-6.325000000000003,0.0,-0.5,1.1666666666666643,0.0,-10.533333333333339,0.0,-3.5,-3.0333333333333385,-2.4750000000000014,-6.866666666666667
0.0,0.0,0.0,1.5499999999999972,-3.2333333333333414,0.0,-0.5,0.0,0.0,-0.15714285714285126,0.0,-25.625,0.0,1.0,1.75,3.799999999999997
0.7999999999999972,-16.239999999999995,-1.3428571428571416,0.13333333333333286,17.299999999999997,0.0,7.105427357601002e-15,0.0,0.0,-1.5666666666666629,12.82,0.0,-2.480000000000004,0.56666666666667,-5.013333333333335,0.0
-1.6571428571428513,5.1200000000000045,1.8000000000000043,0.0,-0.5571428571428569,0.3400000000000034,-0.18000000000000682,1.9599999999999937,-1.4266666666666552,0.10000000000000142,0.0,2.6400000000000006,-13.400000000000006,-2.260000000000005,0.9666666666666686,-0.5400000000000063
0.9500000000000028,15.439999999999998,-0.19999999999999574,-1.5,8.200000000000003,11.733333333333334,-8.825000000000003,-1.9200000000000017,0.13333333333333286,3.2666666666666586,0.0,0.0,2.549999999999997,21.799999999999997,0.10000000000000142,0.06666666666667709
