x1,x2,x3,x4,x5,x6,x7,x8,x9,x10,x11,x12,x13,x14,x15,x16
5.049999999999997,5.740000000000002,0.0,-4.333333333333336,-1.9499999999999957,0.0,-10.475000000000001,0.3371428571428581,-0.7949999999999946,0.0,-0.03333333333333144,-0.06666666666666288,8.633333333333336,0.44999999999999574,14.200000000000003,-0.05000000000001137
-0.6500000000000057,0.0,-1.3999999999999915,0.0,0.0,10.450000000000003,-24.042857142857144,-1.1333333333333329,-4.540000000000003,-1.1571428571428513,-2.085000000000001,-8.274999999999995,0.0,0.0,0.0,5.0
5.050000000000004,-3.539999999999999,-1.7000000000000028,0.7333333333333343,4.013333333333335,1.7333333333333343,-0.0800000000000054,-0.05999999999999517,0.0899999999999963,-0.13000000000000256,3.5,-0.9333333333333371,0.0,0.0,-9.286666666666662,0.0
0.4933333333333323,0.0,-1.7000000000000028,0.0,-0.2571428571428527,-0.5,-2.9099999999999966,2.057142857142857,1.000000000000007,2.333333333333343,-6.446666666666665,2.413333333333334,0.0,-1.7749999999999986,13.700000000000003,5.700000000000003
1.8999999999999986,0.0,-0.5749999999999957,-10.397142857142857,1.5571428571428498,-0.2499999999999858,0.0,-1.2750000000000057,13.880000000000003,2.25,0.0,0.0,0.0,0.24285714285715443,3.299999999999997,6.000000000000007
0.0,2.1571428571428584,-0.10000000000000853,10.039999999999992,-3.174999999999997,-0.15714285714285836,0.7999999999999972,0.0,1.3499999999999943,-0.7749999999999986,4.099999999999994,-3.700000000000003,-0.07500000000000284,-2.3000000000000043,-8.653333333333343,0.0
0.0,0.0,0.0,0.0,1.9200000000000017,1.9333333333333371,0.0,0.3571428571428541,5.599999999999994,7.899999999999999,8.980000000000004,2.049999999999997,0.0,0.6999999999999957,15.300000000000004,10.933333333333337
-1.1771428571428544,0.13333333333333286,0.0,1.8200000000000003,0.0,-0.5,-0.6866666666666603,5.200000000000003,0.0,3.3000000000000043,1.1300000000000026,0.806666666666672,-4.726666666666667,-0.3500000000000014,-5.450000000000003,-0.29999999999999716
-0.1666666666666643,-4.36666666666666,-5.3349999999999795,12.100000000000001,0.0,2.0200000000000102,0.0,0.0,-1.1599999999999966,-2.357142857142861,-0.1771428571428615,-1.7000000000000028,-4.674999999999997,0.19333333333333513,0.0,0.0
-2.375,0.0,0.04285714285715159,0.02499999999999858,1.106666666666662,0.0,0.0,-4.200000000000003,-10.799999999999997,0.0,0.0,4.700000000000003,-6.757142857142846,0.0,1.3333333333333357,-2.386666666666663
1.9666666666666686,-1.2749999999999986,0.0,-2.875,-6.8028571428571425,-4.522857142857134,-2.4350000000000023,0.0,0.0,0.0,5.100000000000001,0.0,-3.7666666666666693,7.9999999999999964,1.0999999999999943,-0.125
0.0,0.0,0.0,0.0,0.0,-0.6950000000000003,4.166666666666664,0.0,-0.022857142857141355,-0.125,0.0,-4.450000000000003,0.0,0.0,19.260000000000005,0.0
-0.125,10.399999999999991,0.0,-11.050000000000004,-4.900000000000006,0.0,-10.519999999999989,-2.0500000000000043,6.666666666666671,-1.6333333333333329,-16.585,0.0,-0.8250000000000028,0.8571428571428541,5.36999999999999,11.000000000000007
-10.800000000000004,6.199999999999996,-9.699999999999996,0.16666666666666785,10.280000000000005,0.0,-1.3333333333333215,-1.1000000000000085,0.04000000000000625,4.949999999999996,0.8800000000000026,0.02499999999999858,0.0,0.0,0.0,0.0
6.299999999999997,-2.7349999999999994,3.9571428571428555,1.0533333333333488,-14.43333333333333,8.879999999999995,1.7399999999999949,-0.3500000000000014,1.1666666666666714,-2.6571428571428513,0.0,-1.3333333333333357,-0.8250000000000028,7.099999999999994,17.0,5.300000000000011
-5.042857142857141,-0.6749999999999972,0.05714285714285694,0.466666666666665,1.5333333333333385,-6.100000000000001,-1.3333333333333357,-1.2571428571428598,-4.474999999999998,-1.7933333333333294,-0.21714285714285353,-8.174999999999997,3.0999999999999943,0.8500000000000014,3.5,-8.725000000000001
4.333333333333336,-8.937142857142852,0.0,11.400000000000002,0.5999999999999943,0.0,-3.6571428571428513,0.0,-0.6750000000000007,0.0,-1.357142857142854,-2.4571428571428484,0.0,17.200000000000003,12.219999999999999,0.0
0.9600000000000009,0.19999999999999574,0.9499999999999957,-4.942857142857143,-1.9666666666666615,-6.0333333333333385,0.06666666666666288,0.0,-0.5,-0.9333333333333442,-0.10000000000000853,-7.799999999999997,0.0,-4.866666666666667,0.0,0.0
0.20000000000000284,-9.193333333333335,0.6500000000000057,-1.1499999999999986,1.3000000000000043,0.0,0.0,-2.075000000000003,0.0,0.0,0.0,0.07714285714285296,0.4000000000000057,1.0700000000000003,0.0,-0.1666666666666643
3.133333333333333,0.0449999999999946,0.1771428571428615,-3.0333333333333385,0.0,-0.6499999999999986,3.20000000000001,5.630000000000003,-2.0,-2.924999999999997,0.0,-2.174999999999997,0.0,1.1700000000000017,2.030000000000001,14.333333333333336
