x1,x2,x3,x4,x5,x6,x7,x8,x9,x10,x11,x12,x13,x14,x15,x16
0.0,0.0,0.0,2.3200000000000003,0.0,-1.25,-8.274999999999999,0.0,3.3533333333333317,-2.6571428571428726,0.5266666666666637,0.0,-0.5000000000000036,-4.2649999999999935,1.0133333333333354,8.866666666666664
0.21333333333333115,0.0,0.15333333333332178,0.0,0.0,0.0,8.100000000000009,-4.442857142857136,1.0,0.0,-1.3900000000000006,-1.106666666666662,-0.07499999999999574,0.0,-0.06666666666666288,1.1200000000000045
0.0,0.0,1.6500000000000057,-4.924999999999994,-0.25,-0.6999999999999957,1.2666666666666586,0.0,0.0,0.0,0.0,-3.557142857142857,0.0,0.0,-0.14999999999999858,3.9499999999999957
5.0,3.24285714285714,1.8333333333333428,-0.4571428571428555,-7.542857142857152,0.0,-3.442857142857143,0.0,4.350000000000001,0.0,-2.2428571428571473,-8.984999999999992,24.400000000000006,-2.049999999999997,0.3266666666666751,-1.3933333333333238
0.0,-10.426666666666662,3.3999999999999915,-4.924999999999997,-10.725000000000001,7.93333333333333,-4.057142857142857,1.2571428571428598,-6.033333333333335,-0.05714285714285694,0.0,-2.6666666666666643,-0.05714285714285694,0.0,-0.04285714285715159,-5.666666666666664
-0.30000000000000426,5.100000000000001,8.539999999999992,5.259999999999991,-1.2600000000000051,-0.5,1.5571428571428498,-4.233333333333334,6.400000000000006,5.4666666666666615,0.0,0.06666666666665577,-4.685000000000002,-11.125,0.0,0.817142857142855
-1.1771428571428544,0.0,2.766666666666673,0.29999999999999716,6.857142857142854,4.840000000000003,1.3499999999999943,0.0,-6.9666666666666615,-27.633333333333333,5.86666666666666,-2.7571428571428527,1.0500000000000043,-5.475000000000001,1.86666666666666,3.950000000000003
-3.3333333333333357,-2.1700000000000017,0.0,-13.44285714285715,1.0333333333333314,0.0,1.9571428571428484,3.299999999999997,-0.10000000000000142,0.0,5.066666666666663,0.0,0.0,-2.8028571428571496,5.366666666666667,-0.07500000000000284
-2.097142857142856,0.0,5.317142857142841,12.100000000000001,6.226666666666674,9.199999999999996,0.9100000000000108,0.0,-2.142857142857146,11.52000000000001,0.0,-12.142857142857146,8.29999999999999,4.3899999999999935,-0.44000000000000483,2.1999999999999957
25.599999999999998,4.1000000000000085,0.0,0.86666666666666,-6.933333333333337,-0.46666666666666856,-0.9171428571428564,-0.3149999999999977,0.8666666666666671,-10.77000000000001,0.0,0.19999999999998863,-3.8500000000000085,0.0,-14.533333333333346,0.125
4.499999999999993,0.0,0.1428571428571459,1.326666666666668,-5.642857142857146,0.0,0.3571428571428541,0.19999999999999574,-7.3999999999999915,-0.7333333333333343,0.0,1.7999999999999972,0.29999999999999716,2.1499999999999986,-12.025000000000002,-3.344999999999999
-0.08285714285714363,0.9000000000000057,0.0,0.0,0.0,0.0,0.0,0.6533333333333324,0.125,2.4499999999999957,-2.3999999999999915,0.8500000000000085,0.0,0.0,0.8999999999999986,0.990000000000002
-0.125,0.0,-9.913333333333334,-6.630000000000003,0.0,7.230000000000004,0.0,0.0,-4.633333333333333,25.799999999999997,0.0,0.5,0.0,0.0,-0.9750000000000014,0.13333333333333997
0.0,4.1000000000000085,-3.7133333333333383,0.20000000000000284,0.0,-9.950000000000003,-17.36666666666666,1.5099999999999945,-2.166666666666668,2.8333333333333357,-1.4099999999999966,4.399999999999999,1.5,-2.066666666666663,0.0,0.1428571428571459
6.299999999999997,0.0,9.679999999999993,0.0,0.0,2.5500000000000043,-0.6571428571428513,0.0,0.0,20.799999999999997,21.499999999999993,-9.166666666666664,4.200000000000003,3.0,-16.174999999999997,-0.3333333333333357
2.6700000000000017,-2.606666666666662,4.0,0.0,5.980000000000004,-2.174999999999997,0.0,3.4666666666666686,1.2666666666666657,0.0,-1.4600000000000009,0.0,0.0,0.0,0.0,-1.4499999999999957
-2.7749999999999986,2.75,0.2600000000000051,0.0,1.9200000000000017,0.3500000000000014,-2.1866666666666674,-5.877142857142857,-0.30000000000000426,12.239999999999995,-2.085000000000001,10.846666666666664,-3.7250000000000014,-6.925000000000001,-1.142857142857146,0.0
0.0,-4.0,-13.833333333333336,10.299999999999997,0.0,2.3000000000000043,15.899999999999999,0.0,0.0,-4.670000000000002,-2.299999999999997,0.0,-4.674999999999997,-0.04285714285714448,0.0,0.0
3.8000000000000043,-4.0333333333333385,-13.857142857142854,3.6999999999999957,-4.949999999999989,-5.925000000000011,1.9333333333333371,-1.7571428571428598,1.033333333333335,1.759999999999998,2.0333333333333385,0.0,-1.644999999999996,5.700000000000003,1.2000000000000028,0.1666666666666643
3.133333333333333,9.233333333333334,-0.34285714285714874,7.800000000000004,11.299999999999997,0.0,3.6999999999999886,0.0,0.0,0.0,0.4000000000000057,0.5,-0.6000000000000014,5.400000000000006,-0.060000000000002274,0.0
