x1,x2,x3,x4,x5,x6,x7,x8,x9,x10,x11,x12,x13,x14,x15,x16
1.2999999999999972,-6.5,12.100000000000001,0.0,-6.325000000000003,0.0,0.8571428571428541,-0.375,0.0,0.0,0.0,0.0,0.0,-6.142857142857146,12.100000000000001,0.0
-1.6971428571428575,0.0,10.880000000000003,0.0,1.4500000000000028,-2.549999999999997,5.220000000000006,-8.305000000000007,1.5,0.4200000000000017,3.8399999999999963,0.0,0.0,10.299999999999994,-12.43333333333333,0.0
-1.4750000000000014,-0.7999999999999972,0.5571428571428498,0.0,-0.3333333333333357,0.19999999999999574,7.900000000000006,0.0,3.299999999999997,-7.175000000000004,-1.8250000000000028,0.5571428571428569,-0.09000000000000341,-9.233333333333327,0.0,-1.2149999999999963
-4.799999999999997,3.049999999999997,0.0,6.166666666666664,-2.1999999999999957,-3.335000000000001,0.0,6.619999999999997,0.5,2.1500000000000057,-0.5,0.5,0.15333333333332178,12.399999999999999,-3.4466666666666654,-1.730000000000004
0.0,1.75,0.0,0.0,0.0,0.0,0.0,0.0,0.0,-0.20000000000000284,-1.0,0.0,17.900000000000006,-2.7333333333333343,-4.799999999999997,-6.382857142857141
0.125,3.5333333333333314,0.0,0.9333333333333371,5.060000000000002,0.0,-0.29999999999999716,1.2666666666666728,0.0,0.3999999999999915,-0.25,-0.10000000000000142,3.539999999999999,-6.060000000000002,0.9300000000000068,0.0
-7.37714285714285,-0.25,-30.70000000000001,0.0,-2.645000000000003,1.63333333333334,-0.8571428571428541,-0.6950000000000003,1.2571428571428598,0.0,0.0,-3.674999999999997,-1.5666666666666629,7.199999999999996,-2.299999999999997,0.0
1.142857142857146,2.43333333333333,0.8999999999999915,1.4799999999999969,-5.642857142857153,0.6499999999999986,-7.166666666666664,-2.9866666666666646,-0.4571428571428626,0.1428571428571459,-3.642857142857146,-0.6428571428571459,30.5,0.0,0.0,0.0
-5.699999999999996,-2.2666666666666657,-9.542857142857144,-0.10000000000000853,0.0,-1.855000000000004,0.0,0.0,6.199999999999996,2.7333333333333343,-2.155000000000001,2.7666666666666586,17.80000000000001,0.0,-3.9171428571428564,-29.125000000000007
0.0,-3.24285714285714,-12.642857142857146,-1.5133333333333354,-0.6428571428571459,-2.105000000000004,-0.35333333333334593,0.013333333333335418,-2.7933333333333437,-5.366666666666667,-2.2066666666666634,0.0,0.0,0.0,0.0,-0.5300000000000011
0.0,0.0,-1.1999999999999957,5.799999999999997,-1.3733333333333277,-3.2933333333333294,4.700000000000003,0.0,15.920000000000009,0.0,-0.8999999999999986,0.0,0.10000000000000142,-0.7999999999999972,-2.8333333333333357,0.0
-27.1,-2.1000000000000014,-3.6000000000000014,0.0,0.09999999999999432,-1.6749999999999972,-4.9666666666666615,1.7666666666666586,0.0,1.557142857142857,2.6499999999999986,-1.8999999999999986,0.0,-2.6599999999999966,-5.039999999999999,-0.04285714285714448
0.0,0.0,0.0,-4.25,0.14999999999999858,2.3999999999999986,0.0,-0.13333333333333286,0.05000000000001137,0.046666666666666856,0.12000000000000455,-2.413333333333334,9.899999999999999,-6.566666666666663,3.1666666666666643,0.5699999999999932
0.0,-1.9666666666666615,19.36,-3.55714285714285,3.6400000000000006,-1.1571428571428513,-3.6899999999999977,0.5,7.900000000000006,0.0,0.0,2.1999999999999957,0.0,0.0,0.14999999999999858,-0.36666666666666714
1.2999999999999972,-1.0,-21.61714285714288,0.23333333333333428,-0.7999999999999972,1.4500000000000028,5.606666666666662,0.0,1.1000000000000085,5.699999999999996,-1.5333333333333385,2.460000000000001,21.599999999999994,0.0,2.7333333333333414,-0.7333333333333343
0.0,0.0,0.2571428571428527,3.019999999999996,-13.5,-0.1999999999999993,0.0,0.0,-2.6599999999999966,-0.1428571428571459,-2.3400000000000034,-4.775000000000002,0.0,-1.0571428571428605,-0.06285714285714405,0.93333333333333
10.206666666666663,-6.086666666666659,-0.3571428571428541,-0.5,-6.6499999999999915,0.0,0.0,0.0,0.0,0.1666666666666643,-3.357142857142854,0.0,0.0,0.033333333333338544,2.566666666666663,0.0
-4.024999999999999,0.3571428571428541,9.599999999999994,0.0,0.0,0.4333333333333371,-0.6171428571428592,-0.5428571428571516,0.0,1.0333333333333385,5.566666666666663,3.8000000000000043,17.5,2.4199999999999946,-1.5749999999999957,0.6333333333333329
0.0,-2.6650000000000063,0.0,0.0,-0.0866666666666589,0.0,-9.333333333333336,0.0,11.479999999999997,6.600000000000001,0.0,-3.55714285714285,-7.066666666666663,0.9933333333333323,-0.2571428571428527,1.1399999999999935
6.299999999999997,0.15714285714285126,-0.375,0.0,-4.833333333333336,0.057142857142849834,0.5,-0.2571428571428598,-1.7371428571428567,5.650000000000006,4.300000000000004,-0.046666666666666856,-2.0999999999999943,-0.3333333333333357,2.066666666666663,1.1399999999999935
