x1,x2,x3,x4,x5,x6,x7,x8,x9,x10,x11,x12,x13,x14,x15,x16
1.0333333333333385,-1.7333333333333343,0.0,2.8000000000000114,0.0,1.0999999999999943,2.1000000000000085,-1.2000000000000028,-0.8333333333333357,1.1000000000000085,-6.157142857142858,-0.17499999999999716,-5.4666666666666615,-0.07499999999999574,0.5571428571428498,-0.4899999999999949
-4.549999999999997,-3.7571428571428456,0.0,8.700000000000003,-2.3333333333333286,-6.075000000000003,-2.5,0.0,-7.942857142857143,0.0,-5.226666666666667,-0.8999999999999986,-11.033333333333339,-0.060000000000002274,6.619999999999997,1.7000000000000028
0.0,0.0,0.0,0.0,4.5,6.25,-7.4571428571428555,0.0,0.0,0.0,-9.066666666666663,0.2000000000000064,14.346666666666671,1.8133333333333326,1.740000000000002,0.20000000000000284
-13.182857142857152,5.166666666666671,2.13333333333334,-0.8000000000000043,0.0,0.0,0.5,0.0,-1.3000000000000114,0.0,0.0,0.5,7.899999999999999,-10.833333333333336,0.0,-5.157142857142858
9.399999999999999,-0.2333333333333414,-1.2666666666666657,0.0,0.8133333333333397,0.0,-4.057142857142857,-0.3333333333333357,15.419999999999987,-5.0,-1.8428571428571487,-0.6428571428571352,0.56666666666667,0.0,5.699999999999996,-6.974999999999994
0.759999999999998,-22.866666666666667,-0.9999999999999929,-3.7733333333333334,1.36666666666666,-3.200000000000003,-0.9000000000000057,12.300000000000004,-3.8100000000000023,0.0,12.259999999999998,-1.8200000000000003,0.20000000000000284,-8.085000000000008,-0.19999999999999574,0.0
0.05714285714285694,-0.4571428571428555,0.125,0.0,5.539999999999992,0.04285714285715159,-0.5266666666666637,0.06666666666666998,0.0,8.099999999999994,0.0,-3.837142857142858,-2.8999999999999986,0.0,1.6999999999999993,3.759999999999998
0.0,-0.7371428571428638,0.5666666666666629,0.0,1.8666666666666671,0.17714285714285438,-1.0666666666666629,-0.894999999999996,-8.266666666666659,3.2333333333333414,0.0,-0.8999999999999986,-1.0,0.0,-0.5,-2.5
3.8000000000000043,2.0,0.0,-0.7999999999999972,0.0,0.0,0.0,-10.189999999999998,0.0,-1.875,0.0,-0.44999999999999574,-5.125,0.0,3.7666666666666586,9.519999999999996
-7.149999999999999,-4.849999999999994,-0.9666666666666615,-0.25,0.2666666666666728,-2.057142857142857,2.7666666666666657,15.379999999999995,3.9399999999999977,0.1428571428571459,-0.02666666666666373,-1.3299999999999983,0.0,3.6600000000000037,-11.75714285714286,0.0
-5.5428571428571445,-1.43333333333333,1.1000000000000014,-1.0,4.873333333333328,-5.700000000000003,0.0,0.47714285714285154,0.7133333333333383,-0.057142857142849834,2.1999999999999957,-0.8500000000000014,13.46,7.799999999999997,-3.36666666666666,-7.933333333333337
0.0,0.3500000000000014,5.633333333333333,-0.07000000000000028,0.25,1.0666666666666629,-0.86666666666666,3.233333333333327,-0.10000000000000142,8.966666666666669,-3.8333333333333357,-3.557142857142857,11.100000000000009,3.019999999999996,-0.06666666666666288,-0.5799999999999983
0.0,-0.4333333333333371,-5.940000000000005,-2.174999999999997,12.849999999999994,0.0,5.100000000000001,-1.9666666666666615,-8.300000000000004,0.0,-0.8999999999999986,-6.449999999999996,0.0,3.1500000000000057,-14.300000000000004,0.0
9.5,0.0,0.0,0.0,0.0,0.0,-4.233333333333341,0.0,-2.25,-0.10000000000000142,0.0,0.0,-12.605000000000004,0.0,0.0,0.1428571428571459
9.0,0.15000000000000568,-4.06666666666667,0.5,0.0,2.9666666666666615,0.6933333333333351,0.06666666666667709,0.0,-1.5666666666666629,0.7999999999999972,-2.999999999999993,-3.86666666666666,0.17999999999999972,2.3999999999999986,0.0
0.0,0.7000000000000028,0.0,0.0,0.0,0.0,0.0,0.0,0.0,0.0,0.0,0.0,-2.6666666666666714,0.8000000000000043,0.0,0.0
-0.6999999999999886,-2.2750000000000057,0.0,2.0,-0.15714285714285126,0.8999999999999915,-3.557142857142857,0.1733333333333391,5.020000000000003,-0.04285714285715159,0.0,0.29333333333332945,-12.819999999999993,0.1666666666666643,-2.3599999999999994,6.666666666666664
0.0,-0.07500000000000284,-2.9571428571428555,-2.424999999999997,0.0,0.0,2.9000000000000057,-0.14000000000000057,-1.3500000000000014,0.0,0.4333333333333371,1.7666666666666657,-1.6999999999999886,0.0,-0.5499999999999972,-0.8299999999999983
11.100000000000001,-2.566666666666663,0.0,-3.4571428571428555,0.0,-7.5,4.900000000000006,-3.1499999999999915,22.480000000000004,0.0,-4.349999999999994,0.21000000000000085,-13.600000000000009,-2.4333333333333442,0.0,1.2600000000000051
0.0,-0.6571428571428513,4.050000000000004,-1.2899999999999991,-0.2749999999999986,0.0,1.6200000000000045,10.0,15.0,-16.65,-0.9666666666666615,-3.0,-31.433333333333337,2.519999999999996,0.0,0.0
