x1,x2,x3,x4,x5,x6,x7,x8,x9,x10,x11,x12,x13,x14,x15,x16
9.713333333333338,-4.600000000000001,0.25,-0.86666666666666,0.0,1.2466666666666626,0.0,0.0,3.6000000000000014,0.0,-0.5066666666666677,0.0,0.20000000000000284,-0.3333333333333357,0.3999999999999986,2.3000000000000043
0.9666666666666615,3.0,0.0,3.270000000000003,-1.8250000000000028,0.8333333333333357,-0.8399999999999963,0.0,2.93333333333333,0.56666666666667,-2.4000000000000057,2.3599999999999994,0.0,0.0,0.04285714285714448,1.0333333333333385
0.0,2.8300000000000125,-0.6300000000000097,-2.049999999999997,0.0,12.800000000000004,-5.0,4.800000000000004,-8.200000000000003,0.0,0.0,0.0,0.0,-5.166666666666664,1.499999999999993,-1.8571428571428612
0.20000000000000284,-12.25714285714286,14.546666666666674,0.0,0.0,0.0,0.0,0.0,0.0,0.0,0.0,-0.20000000000000284,0.10000000000000142,5.5,4.599999999999994,0.0
5.226666666666667,-0.20000000000000284,0.4333333333333229,-1.9249999999999972,-8.600000000000001,-4.965000000000003,0.29714285714285893,0.0,0.5,5.1499999999999915,7.0,-0.7949999999999946,0.07714285714286007,-0.006666666666667709,-0.4371428571428595,-10.702857142857141
1.4099999999999966,0.0,0.1666666666666643,-1.7628571428571433,-5.442857142857143,7.679999999999993,-0.375,0.4571428571428626,1.1600000000000108,-0.06666666666665577,-0.625,0.0,0.0,0.0,0.0,-4.673333333333325
-9.770000000000003,-8.519999999999996,0.9500000000000028,0.0,8.100000000000009,-3.299999999999997,0.0,-7.066666666666663,3.8066666666666578,0.0,4.0,-2.0999999999999943,-1.2333333333333414,1.0600000000000023,0.0,-0.5050000000000026
0.0,-2.0333333333333385,19.64,0.0,0.0,0.0,0.0,-3.000000000000007,3.8999999999999915,0.2666666666666657,0.0,-0.6400000000000006,5.79999999999999,0.04999999999999716,5.200000000000003,-3.6999999999999957
1.2666666666666657,0.6333333333333329,0.0,10.759999999999998,0.0,0.75,0.3999999999999915,0.577142857142853,2.3499999999999943,0.07333333333333059,-3.05714285714285,-0.2750000000000057,-1.617142857142852,0.05714285714285694,0.0,0.0
0.0,0.0,0.0,0.0,-0.4099999999999966,0.0,-2.5266666666666637,-1.2000000000000028,0.0,-1.0428571428571445,-3.0749999999999993,0.7771428571428487,-1.4749999999999979,0.09333333333333371,2.0500000000000043,11.0
-2.9971428571428618,-0.6949999999999932,2.8971428571428532,1.5,0.0,0.45333333333333314,0.0,-0.9549999999999983,-1.4450000000000003,4.079999999999998,-3.5,0.0,0.0,0.0,-1.4000000000000057,-0.10000000000000142
-12.625,-8.842857142857135,-12.475000000000009,0.0,-2.384999999999998,0.413333333333334,0.02499999999999858,0.05714285714285694,-2.086666666666666,-2.3866666666666703,-2.9371428571428524,-3.9350000000000023,3.1499999999999986,0.03714285714285381,0.0,0.0
-1.0428571428571445,8.600000000000001,-9.685000000000002,0.0,0.0,4.079999999999998,0.0,-0.04000000000000625,-0.5,4.806666666666665,0.0,-3.7800000000000082,0.0,2.3999999999999986,-0.13333333333333286,-0.3571428571428541
1.3999999999999986,0.0,-10.25,0.2666666666666657,0.05000000000000426,0.0,-0.5499999999999972,0.0,-11.537142857142854,0.0,-2.299999999999997,-0.23333333333332718,-10.166666666666664,0.0,0.0,0.0
1.6866666666666674,-7.906666666666659,-6.575000000000003,-9.820000000000007,8.319999999999993,1.6333333333333329,0.8000000000000043,6.6499999999999915,0.0,1.6000000000000085,4.550000000000004,0.0,0.0,0.0,4.100000000000001,-4.849999999999994
3.6499999999999986,-7.342857142857149,0.0,1.3900000000000006,5.5,-2.113333333333337,-0.17499999999999716,0.0,-4.265000000000001,-6.824999999999996,3.5,-0.3333333333333357,0.0,-0.36666666666666714,-1.9666666666666615,-3.4450000000000074
0.0,0.0,0.0,0.0,0.0,0.2571428571428527,-0.17500000000000426,0.6428571428571459,0.0,-0.04285714285714448,0.0,0.0,0.2600000000000051,0.13333333333333286,-1.2571428571428598,-4.589999999999989
-0.20000000000000284,-1.56666666666667,0.3333333333333357,1.6499999999999986,-0.30000000000000426,0.0,-4.773333333333333,0.20000000000000284,-2.433333333333337,-6.633333333333333,-7.725000000000001,0.5571428571428569,0.0,0.0,0.0,0.0
0.0,3.3333333333333357,0.0,0.0,0.0,1.3733333333333277,0.0,0.23333333333333428,0.0,-7.133333333333333,0.0,5.0333333333333385,0.8999999999999986,-0.3333333333333357,-8.25,0.0
0.0,0.8499999999999943,0.0,0.0,9.900000000000006,0.0,0.0,5.1000000000000085,-8.733333333333334,-1.9066666666666663,0.0,0.0,-0.480000000000004,-6.25,1.0,4.400000000000006
