x1,x2,x3,x4,x5,x6,x7,x8,x9,x10,x11,x12,x13,x14,x15,x16
0.539999999999992,0.0,0.5499999999999972,-0.13333333333333286,0.5,0.0,6.080000000000005,0.0,-2.2666666666666657,0.1428571428571459,0.4333333333333371,1.9333333333333371,5.260000000000005,1.2999999999999972,0.0,0.0
2.86666666666666,-0.44285714285714306,0.0,-0.04285714285715159,0.0,-4.366666666666667,-0.20000000000000284,-2.366666666666667,-3.700000000000003,0.0,2.066666666666663,0.0,-0.14999999999999147,-0.8800000000000026,-9.325000000000003,0.0
0.0,6.699999999999996,0.0,0.0,-0.1799999999999926,-0.09000000000000341,-0.05000000000000426,8.999999999999993,-4.277142857142856,1.7000000000000028,-7.800000000000004,-0.06666666666665577,-1.442857142857143,0.0,1.7333333333333343,10.300000000000004
-5.94285714285715,0.25,0.0,0.0,0.0,6.266666666666659,5.133333333333333,-3.5999999999999943,2.5999999999999943,0.0,0.8666666666666671,-10.950000000000003,-3.3349999999999937,8.869999999999997,0.0,0.0
-3.1571428571428584,0.38666666666666316,-0.5750000000000028,0.0,-4.679999999999993,-2.2171428571428535,1.230000000000004,2.950000000000003,-1.8599999999999994,-4.213333333333331,-0.9750000000000014,2.799999999999997,-0.8333333333333357,0.15714285714285126,-7.375,0.7399999999999949
1.7333333333333343,3.499999999999993,-0.6571428571428513,1.2666666666666586,0.0,0.0,-11.524999999999999,18.69999999999998,-0.25,0.0,0.0,3.566666666666663,0.0,-8.739999999999995,-2.4533333333333402,-0.1666666666666643
13.766666666666666,0.6999999999999957,0.0,0.35999999999999943,0.0,0.0,0.0,0.0,-8.450000000000003,-16.47714285714286,6.020000000000003,11.266666666666666,0.4399999999999977,0.4571428571428484,0.0,0.0
2.210000000000008,-4.942857142857143,0.0,0.0,0.0,3.6400000000000006,1.4499999999999957,1.6000000000000085,14.599999999999994,-1.4666666666666615,8.800000000000004,-2.86666666666666,4.599999999999994,-11.75,9.5,-5.550000000000011
0.0,0.0,0.0,2.2571428571428527,0.03333333333333144,0.0,-0.05714285714285694,0.0,0.47999999999998977,0.0,2.0,-1.7571428571428669,-0.6749999999999972,-12.857142857142854,-8.61999999999999,-2.4533333333333402
-7.349999999999994,0.0,-3.5999999999999943,0.0,0.0,-0.7333333333333201,2.133333333333333,0.5,-0.05714285714285694,0.0,2.1000000000000014,0.0,16.0,0.6666666666666572,-1.0,-1.7333333333333343
2.6000000000000085,-3.0999999999999943,0.0,1.8000000000000043,18.300000000000004,0.13333333333333286,7.700000000000003,8.76666666666668,-13.842857142857135,0.0,0.0,2.1600000000000037,0.0,-14.357142857142854,0.93333333333333,-1.2571428571428456
1.6666666666666643,1.9666666666666757,3.6000000000000014,-0.13333333333333286,0.5,-5.342857142857142,-7.895000000000003,4.777142857142849,-4.715000000000003,0.0,-1.7266666666666666,0.0,3.4171428571428564,-0.14999999999999858,-5.325000000000003,-7.125
-3.642857142857146,-0.9999999999999929,9.320000000000007,-4.670000000000002,1.5499999999999972,-3.049999999999997,0.25,-2.3999999999999915,-2.2333333333333343,-0.9999999999999929,0.0,-1.173333333333332,1.8000000000000043,6.100000000000001,0.0,0.0
-0.5,1.6499999999999986,0.4000000000000057,2.0,1.1000000000000014,-0.375,-7.945,8.0,0.0,1.2171428571428606,3.0333333333333385,0.0,0.10000000000000142,-9.133333333333333,11.566666666666656,0.0
7.0,0.0,0.5,3.0,0.0,1.3333333333333357,-0.75,-16.83,8.0,0.10000000000000853,0.0,0.04666666666665975,-0.22500000000000142,-0.22500000000000142,0.0,-1.8799999999999955
0.0,0.0,-7.605000000000004,-0.14999999999999858,0.0,0.7666666666666799,1.3000000000000043,9.66666666666665,3.2333333333333414,0.0,-0.49714285714284756,-2.1999999999999957,0.0,2.5933333333333337,0.0,2.7900000000000063
1.8500000000000014,2.0600000000000023,0.29999999999999716,1.0,0.0,0.0,-7.342857142857142,1.8866666666666632,2.1999999999999957,21.10000000000001,0.13999999999999346,-0.29999999999999716,-0.23333333333332718,-1.25,-1.9500000000000028,0.0
0.0,3.557142857142857,0.09999999999999432,1.9666666666666615,0.7333333333333272,4.233333333333334,3.3999999999999986,7.799999999999997,0.0,0.0,0.39000000000000057,6.400000000000006,0.10666666666666202,-5.457142857142848,6.200000000000003,0.0
3.480000000000004,4.1299999999999955,3.510000000000005,0.0,0.0,0.0,-11.257142857142853,-3.286666666666676,0.02499999999999858,-0.04285714285714448,-0.9750000000000014,2.1000000000000014,-0.04285714285714448,-9.0,0.0,0.0
-1.4499999999999957,2.1499999999999986,-0.033333333333338544,1.0,0.0,-2.5333333333333385,-0.5,-1.3666666666666671,1.0666666666666558,-0.20000000000000284,0.0,0.47999999999998977,0.0,0.0,12.700000000000003,0.8700000000000045
