x1,x2,x3,x4,x5,x6,x7,x8,x9,x10,x11,x12,x13,x14,x15,x16
-5.94285714285715,4.759999999999998,-0.9750000000000085,0.20000000000000284,-2.7249999999999943,-9.542857142857144,-20.5,3.1000000000000085,-2.5428571428571516,0.0,-0.1666666666666643,-2.43333333333333,0.09714285714284898,0.0,0.0,-0.17500000000000426
-2.049999999999997,1.5599999999999952,0.5999999999999943,-1.097142857142856,-0.25,-4.597142857142849,8.906666666666666,0.0,-2.673333333333339,2.3200000000000074,0.5499999999999972,13.399999999999991,21.20000000000001,-3.6000000000000085,-0.23333333333333428,0.0
-5.375,0.4333333333333371,-0.17499999999999716,0.0,2.1499999999999986,2.3999999999999986,-0.07500000000000284,0.9771428571428586,0.3133333333333397,-1.2571428571428527,1.642857142857146,0.5499999999999972,0.3500000000000014,0.0,-1.875,4.29999999999999
0.0,5.053333333333349,4.800000000000011,10.620000000000005,-5.700000000000003,12.43999999999999,0.20000000000000284,0.0,3.857142857142854,0.0,0.0,0.0,19.14,0.0,3.0333333333333385,-0.6750000000000043
-8.542857142857141,0.3333333333333357,-2.366666666666667,0.09999999999999432,-3.8249999999999957,-5.324999999999996,-0.36666666666666714,0.0,-0.1666666666666643,-3.605000000000004,4.299999999999997,-1.115000000000002,4.753333333333337,0.0,1.857142857142847,0.6999999999999886
4.099999999999994,0.0,6.233333333333334,0.19999999999999574,0.0,-11.125,0.0,0.10000000000000853,0.0,0.0,-3.2750000000000057,0.8571428571428541,0.0,0.0,0.0,0.0
-2.357142857142854,0.7999999999999972,-2.049999999999997,-0.8500000000000014,8.0,-1.2000000000000028,-4.299999999999997,-3.73333333333332,0.04999999999999716,-1.357142857142854,0.0,1.4000000000000057,0.0,0.0,-3.94285714285715,-0.9666666666666615
1.8000000000000007,-0.06666666666666288,0.0,0.31714285714285495,-0.14999999999999858,0.17714285714285438,2.6666666666666643,2.893333333333338,0.0,0.0,0.0,0.1666666666666643,5.400000000000006,-0.3999999999999986,1.6000000000000014,0.0
-1.999999999999993,0.0,0.0,0.0,2.299999999999997,-1.6771428571428615,-13.600000000000001,3.953333333333333,15.100000000000001,0.0,0.36666666666666714,0.0,1.7600000000000051,10.5,1.9499999999999957,0.0
0.0,0.0,2.240000000000002,1.490000000000002,2.066666666666663,2.950000000000003,2.4000000000000057,0.0,0.0,2.766666666666673,-1.3500000000000014,0.0,-0.053333333333348776,-6.633333333333333,4.300000000000004,-0.75
0.0,0.0,6.5,-0.20000000000000284,-1.7000000000000028,-2.8500000000000014,-1.3500000000000014,1.8599999999999994,1.279999999999987,11.659999999999997,6.599999999999994,0.0,-11.542857142857144,0.0,4.6000000000000085,-12.059999999999995
1.3999999999999915,-2.146666666666661,0.0,0.0,1.393333333333338,-1.4750000000000014,-1.3666666666666742,0.3999999999999986,-1.4250000000000043,-0.06666666666666288,1.3200000000000003,2.3999999999999915,7.926666666666662,5.200000000000003,4.049999999999997,0.0
7.333333333333336,1.8799999999999955,0.0,7.199999999999996,0.4999999999999929,0.0,-0.21333333333333826,0.0,0.75,0.0,0.0,-2.2333333333333343,0.0,5.666666666666664,0.20000000000000284,25.200000000000003
2.1000000000000085,-1.1571428571428513,0.0,-0.7666666666666657,4.566666666666677,-9.844999999999992,0.8999999999999915,0.0,5.866666666666674,2.519999999999996,-3.4499999999999957,0.0,-13.449999999999989,0.0,-1.7750000000000057,-3.125
0.8571428571428541,0.033333333333338544,0.0,-0.28000000000000114,-2.200000000000003,-5.549999999999997,0.0,-0.09000000000000341,2.6000000000000014,0.0,6.3799999999999955,0.0,-4.670000000000002,-7.75,3.1000000000000014,0.0
-4.030000000000001,2.219999999999999,3.799999999999997,0.8333333333333357,1.7000000000000028,2.740000000000002,15.0,0.0,-1.7250000000000014,-1.0571428571428498,-0.1428571428571459,0.0,1.7999999999999972,-0.04999999999999716,0.45000000000000284,-1.0750000000000028
10.100000000000009,-3.950000000000003,2.066666666666677,-5.25,1.3666666666666742,-1.6500000000000057,-3.9000000000000057,-6.300000000000011,-0.057142857142864045,-21.849999999999994,1.3666666666666671,2.6000000000000014,11.899999999999991,3.799999999999997,0.0,-8.274999999999991
0.9299999999999997,-3.7666666666666657,3.999999999999993,-1.1133333333333368,5.306666666666665,4.286666666666662,9.273333333333333,0.3333333333333357,3.239999999999995,0.0,1.75,-0.10000000000000142,-0.7571428571428598,-0.09999999999999432,0.0,0.09999999999999432
0.6666666666666643,0.3333333333333357,1.6000000000000014,0.7333333333333343,1.7000000000000028,1.4333333333333371,1.2999999999999972,0.05000000000000426,5.75,0.0,-2.2333333333333343,2.490000000000002,0.0,7.199999999999996,-7.75714285714286,0.0
0.0,-1.0333333333333385,2.010000000000005,5.0,-16.050000000000004,0.0,0.29999999999999716,5.940000000000005,0.6500000000000057,0.0,4.599999999999994,6.299999999999997,0.0,0.0,-0.7000000000000028,0.0
