x1,x2,x3,x4,x5,x6,x7,x8,x9,x10,x11,x12,x13,x14,x15,x16
0.0,0.0,1.4499999999999957,0.0,0.8333333333333286,-0.10000000000000142,6.700000000000003,0.0,-6.733333333333341,-3.440000000000005,4.019999999999996,1.6000000000000014,0.0,-4.866666666666667,-14.237142857142857,1.43333333333333
0.0,3.3999999999999915,-0.1428571428571459,2.0333333333333314,6.839999999999989,-8.050000000000011,4.566666666666656,0.0,-6.399999999999999,-2.8000000000000043,-4.44285714285715,-0.509999999999998,0.0,1.6799999999999997,6.550000000000004,3.766666666666673
6.099999999999994,-1.6999999999999886,-8.375,1.1666666666666714,0.9571428571428555,-0.17500000000000426,-13.934999999999988,4.6771428571428615,-0.7000000000000028,0.0,3.5,-15.842857142857142,0.03714285714286092,-2.5249999999999986,0.46666666666666856,13.599999999999994
0.0,6.133333333333333,4.3999999999999915,10.799999999999997,8.566666666666663,4.0,5.8999999999999915,0.0,-0.4333333333333371,-10.349999999999994,0.0,0.0,0.0,-0.9999999999999929,-8.299999999999997,1.8499999999999943
-2.5733333333333306,3.5,10.060000000000002,-4.8600000000000065,0.11999999999999744,-0.6299999999999955,0.8666666666666529,1.3666666666666671,0.7999999999999972,-0.9000000000000057,0.3571428571428541,-5.0,-0.10000000000000142,-1.0499999999999972,0.8999999999999915,-1.4799999999999898
0.5571428571428569,0.0,14.899999999999991,0.3571428571428541,-3.9750000000000014,0.2571428571428527,-1.1750000000000043,0.06285714285714761,-2.0,5.400000000000006,6.653333333333336,2.43333333333333,0.6000000000000014,-0.14000000000001478,0.04666666666665975,-3.799999999999997
0.7666666666666657,8.5,-4.550000000000011,-0.04285714285714448,2.4733333333333363,5.099999999999994,0.0,0.0,-0.16499999999999915,-0.6028571428571396,9.620000000000005,-0.5933333333333408,-11.274999999999999,3.200000000000003,0.0,0.0
1.1999999999999957,-1.7450000000000045,10.180000000000007,0.0,-4.150000000000006,-0.45333333333334025,0.20000000000000284,1.0500000000000043,0.0,1.6300000000000026,0.086666666666666,-1.6028571428571468,1.8500000000000014,0.0,0.0,0.0
-1.5750000000000028,1.9500000000000028,0.0,0.7571428571428527,0.0,0.30000000000000426,0.93333333333333,0.0,0.9399999999999906,-1.4828571428571493,-0.03333333333333144,-2.7428571428571473,0.0,1.25,-0.10000000000000142,-7.94285714285715
0.2400000000000091,0.0,-13.157142857142851,5.0,-2.299999999999997,9.0,-0.6000000000000014,-3.566666666666663,-0.03333333333333144,0.0,-5.399999999999999,0.0,-8.100000000000009,-8.282857142857132,-1.1666666666666643,0.0
0.0,1.1000000000000085,0.0,0.0,0.0,-3.4666666666666615,2.450000000000003,2.6999999999999957,1.7399999999999949,0.033333333333338544,-0.9750000000000014,0.3571428571428541,-1.2333333333333343,-5.0333333333333385,-6.775000000000006,0.0
0.1599999999999966,2.5333333333333314,-1.845000000000006,0.0,0.0,-0.06666666666667354,1.2333333333333343,1.1799999999999926,0.1599999999999966,0.8133333333333397,13.280000000000001,0.0,0.0,-8.389999999999986,-0.3333333333333357,0.0
-6.942857142857143,2.5333333333333314,-11.933333333333344,-0.63333333333334,11.0,0.0,-0.875,0.6571428571428513,0.0,15.700000000000003,0.0,0.0,0.6333333333333258,-6.65000000000002,0.0,6.699999999999989
0.08285714285715073,0.0,2.1666666666666643,0.0,0.0,0.0,-2.3971428571428604,0.0,-3.3500000000000014,0.0,0.0,-10.899999999999999,0.0,0.0,3.759999999999991,0.06666666666667709
-5.900000000000006,0.0,12.280000000000001,0.0,-7.450000000000003,17.999999999999993,6.799999999999997,-6.9571428571428555,-0.04999999999999716,0.0,0.36666666666666003,2.1000000000000014,-0.29999999999999716,4.700000000000003,-4.866666666666667,-11.433333333333323
-4.493333333333339,12.54,-0.1666666666666643,9.200000000000003,0.125,0.0,22.92,0.0,0.0,-10.530000000000001,0.0,2.9000000000000057,-9.625,0.0,-5.966666666666676,7.600000000000001
-0.30000000000000426,-3.7250000000000085,0.0,0.8999999999999986,9.999999999999993,0.0,-0.6649999999999991,3.799999999999997,0.9200000000000017,-0.06666666666666288,-3.9828571428571493,2.499999999999993,0.05714285714285694,0.0,0.0,0.0
0.0,8.300000000000011,0.0,2.299999999999997,-0.19999999999999574,-0.05714285714285694,0.09999999999999432,8.5,0.0,0.0,0.0,1.2199999999999989,-0.15000000000000568,-0.3199999999999932,-1.0999999999999943,-11.733333333333334
0.0,-0.06666666666667709,3.700000000000003,0.0,0.0,-2.866666666666667,1.3199999999999932,0.0,0.0,-16.55714285714285,0.0,0.0,-0.05714285714285694,-1.8133333333333326,9.599999999999994,21.060000000000002
0.0,-2.0999999999999943,0.0,0.799999999999983,0.3400000000000034,0.5,-0.9499999999999886,0.0,-0.6999999999999957,0.0,-2.8500000000000085,4.099999999999994,0.0,0.0,-7.342857142857149,0.0
