x1,x2,x3,x4,x5,x6,x7,x8,x9,x10,x11,x12,x13,x14,x15,x16
0.5333333333333385,-0.2750000000000057,-3.6571428571428513,0.0,0.0,-0.6571428571428584,13.719999999999999,0.0,0.0,-13.219999999999999,-2.9666666666666686,1.0333333333333314,-1.3133333333333397,1.3599999999999994,-3.113333333333337,10.033333333333324
0.0,0.0,0.030000000000001137,-2.3800000000000026,0.0,0.0,-0.9733333333333363,-1.597142857142849,-0.125,-0.7249999999999943,2.299999999999997,-0.25,0.0,0.0,-1.1333333333333329,-15.633333333333333
0.0,5.050000000000004,-1.5999999999999943,0.0,0.0,0.0,0.0,5.649999999999999,-7.733333333333334,0.0,0.0,0.0,0.0,0.0,0.0,6.449999999999996
-0.20000000000000284,-0.17999999999999972,0.0,0.0,-1.9999999999999858,-0.03333333333333144,-0.7999999999999972,0.21999999999999886,5.799999999999997,0.0,0.1666666666666643,0.0,-0.09999999999999432,-12.766666666666666,3.8999999999999915,-13.06666666666667
-4.064999999999998,-0.8571428571428541,0.0,0.7000000000000028,-0.5428571428571445,0.0,-11.966666666666669,-11.955000000000013,-6.300000000000004,2.4571428571428484,0.0,4.829999999999998,2.6500000000000057,-2.0666666666666558,-4.1000000000000085,-13.579999999999998
5.039999999999999,10.560000000000002,-0.6749999999999972,0.0,0.23333333333333428,0.6999999999999957,-10.286666666666662,0.03333333333333144,-1.3299999999999983,-0.15333333333333599,0.0,3.4666666666666686,-1.4571428571428555,-3.1000000000000085,-11.000000000000007,13.500000000000007
0.0,0.0,1.0,17.89999999999999,0.0,-7.3999999999999915,0.09999999999999432,0.0,0.0,0.0,0.0,0.0,0.0,-0.1428571428571388,-9.299999999999997,16.939999999999998
9.099999999999994,0.0,0.0,0.0,-9.200000000000003,-11.36,8.099999999999994,0.0,-1.4000000000000057,-5.033333333333331,4.699999999999996,7.833333333333336,-14.974999999999994,0.0,-0.18999999999999773,-11.265
0.0,-0.05714285714285694,-2.2749999999999986,0.0,0.10000000000000142,5.7266666666666595,10.120000000000005,8.019999999999996,1.0,0.0,0.0,0.0,0.0,-4.899999999999999,0.0,-3.75
4.599999999999994,-6.375,0.0,-1.4650000000000034,9.699999999999996,-1.9249999999999972,-14.185000000000002,-6.324999999999996,-0.06666666666666998,0.0,-0.8500000000000014,1.8999999999999986,0.0,-21.700000000000003,-4.500000000000007,4.200000000000003
0.5999999999999943,1.5,-2.7066666666666777,-0.5666666666666629,-10.774999999999999,-0.769999999999996,-8.125,-5.974999999999994,2.8999999999999915,0.3533333333333317,0.0,2.4399999999999977,0.0,-5.5066666666666535,1.0999999999999943,-0.13333333333333286
0.0,0.4000000000000057,1.5,-1.1333333333333329,0.0,2.200000000000003,0.7000000000000028,-1.625,-0.259999999999998,-3.299999999999997,0.0,0.0,0.30000000000001137,0.0,0.0,-9.199999999999996
-1.4666666666666615,0.0,2.3999999999999986,0.0,13.499999999999993,0.0,-4.650000000000006,1.3066666666666649,-2.7666666666666586,9.449999999999996,-4.586666666666666,-2.633333333333347,1.8400000000000034,-0.29999999999999716,0.0,0.23000000000000398
0.0,0.0,0.0,9.199999999999996,0.0,0.0,0.0,0.0,0.0,0.0,0.0,0.0,0.0,-7.25,-2.0999999999999943,0.0
4.020000000000003,-1.7733333333333334,2.7466666666666626,0.0,8.119999999999997,0.0,-3.142857142857146,7.199999999999989,0.1666666666666643,0.0,-6.473333333333336,-2.0428571428571374,-9.975000000000001,-0.375,5.713333333333331,-12.220000000000013
-8.733333333333334,-1.1099999999999994,2.8000000000000043,-5.730000000000004,-4.337142857142858,-0.7000000000000028,0.0,-0.1666666666666643,0.0,2.086666666666673,-0.7999999999999972,-2.7571428571428456,-2.4371428571428524,-12.566666666666663,0.0,0.0
-2.049999999999997,0.980000000000004,-5.150000000000006,-2.3999999999999986,0.20000000000000284,1.2000000000000028,-1.4333333333333371,-0.19999999999998863,-4.353333333333339,0.0,1.4499999999999957,-4.142857142857146,0.0,-1.9333333333333371,-11.046666666666667,-12.700000000000003
0.0,-0.8100000000000023,-1.1999999999999957,-1.9399999999999977,0.3571428571428541,-3.713333333333331,3.039999999999992,0.9699999999999989,-1.413333333333334,-0.6749999999999972,3.9599999999999937,4.166666666666664,-9.054999999999993,-1.0428571428571445,1.9333333333333371,-0.7333333333333414
6.979999999999997,4.700000000000003,-0.769999999999996,-3.299999999999997,0.4000000000000057,-0.8999999999999986,-0.9399999999999977,-0.1428571428571459,-1.7466666666666626,-3.9571428571428555,0.0,-0.7333333333333414,0.0,1.5333333333333385,0.15714285714285126,0.03333333333333144
0.6000000000000014,-2.0500000000000043,1.4666666666666686,-2.8500000000000014,0.002857142857145334,2.1666666666666643,6.099999999999994,5.566666666666663,0.0,2.0,-6.0333333333333385,1.999999999999993,-10.375,2.5999999999999943,-14.213333333333345,4.406666666666659
