x1,x2,x3,x4,x5,x6,x7,x8,x9,x10,x11,x12,x13,x14,x15,x16
6.0,5.599999999999994,0.0,0.0,0.0,0.0,0.0,0.0,0.0,0.0,0.0,0.0,0.0,0.0,0.0,0.15000000000000568
0.0,-1.634999999999998,3.046666666666674,3.210000000000008,-0.480000000000004,0.0,-6.162857142857142,-0.33500000000000085,1.097142857142856,-0.0350000000000108,0.0,5.8899999999999935,1.2800000000000011,-3.6466666666666683,2.5600000000000023,0.6599999999999966
18.133333333333333,0.0,4.20000000000001,3.0,-0.05000000000000426,-0.3200000000000074,0.0,-9.75,-0.5666666666666629,-0.2666666666666657,0.3333333333333357,-4.850000000000001,0.0,-3.6499999999999986,-5.299999999999997,0.0
31.599999999999994,7.200000000000003,3.7466666666666626,4.18,-2.4666666666666615,5.4666666666666615,6.0333333333333385,-0.9333333333333371,0.0,0.3333333333333357,4.82,-4.337142857142858,-0.015000000000000568,0.5971428571428561,-1.3500000000000014,-3.866666666666667
-0.6999999999999957,-0.10000000000000853,5.3999999999999915,-0.033333333333338544,-1.357142857142854,-0.6749999999999972,-3.6866666666666603,0.7399999999999949,0.11333333333332973,0.0,0.0,-1.3700000000000045,0.0,0.025000000000005684,0.0,7.299999999999997
0.0,2.806666666666665,0.806666666666672,-1.9666666666666686,-0.19999999999998863,7.640000000000008,-0.7999999999999972,0.02285714285714846,-0.03333333333333144,0.0,0.0,0.0,0.0,1.5666666666666558,5.559999999999995,0.0
-8.87714285714285,0.0,15.88000000000001,-0.375,0.15714285714285836,0.02499999999999858,-10.900000000000006,5.299999999999997,0.0,0.0,7.066666666666663,0.06666666666666288,-4.833333333333329,0.0,-1.0,-3.3799999999999955
0.0,-2.7749999999999986,0.0,-2.557142857142857,0.9999999999999929,1.7999999999999972,3.25,2.700000000000003,0.8999999999999986,-12.700000000000003,-6.640000000000001,-1.000000000000007,7.166666666666664,0.13333333333333997,0.0,-10.899999999999999
0.0,0.0,-1.125,-7.733333333333334,-0.5666666666666629,-4.562857142857148,-14.474999999999994,0.6571428571428513,-0.5750000000000028,0.0,0.0,0.0,0.13333333333333997,1.0999999999999943,0.0,2.479999999999997
-3.566666666666677,0.1666666666666643,4.349999999999994,3.0,0.0,0.0,0.0,0.0,-0.06666666666666288,0.0,-6.280000000000008,0.0,-10.0,-11.733333333333327,1.6000000000000014,12.100000000000016
-3.575000000000003,0.0,-0.9999999999999929,0.3333333333333357,3.7333333333333343,-0.29333333333332945,1.1999999999999886,0.0,0.3299999999999912,-0.7333333333333272,0.789999999999992,0.5500000000000114,0.0,1.0500000000000043,-1.2999999999999972,1.3066666666666649
0.7999999999999972,0.0,4.550000000000011,1.3666666666666742,0.0,0.0,0.0,0.0,-4.8500000000000085,1.06666666666667,0.0,0.0,-9.200000000000003,9.900000000000006,-14.284999999999997,0.0
0.0,2.0,4.800000000000011,3.700000000000003,0.0,0.0,-3.36666666666666,-0.7333333333333272,0.0,-1.3571428571428612,-12.260000000000005,0.0,8.549999999999997,7.280000000000001,1.0,1.6000000000000014
0.0,-3.075000000000003,-3.9666666666666686,2.3999999999999986,0.8500000000000014,0.45000000000000284,0.0,0.0,0.0,-1.3500000000000014,0.5266666666666637,0.0,-0.14999999999999858,10.200000000000003,8.32,-0.29999999999999716
-1.4666666666666686,0.1428571428571459,11.200000000000003,0.6999999999999957,0.20000000000001705,-2.4771428571428586,6.699999999999989,12.660000000000004,0.0,10.799999999999997,-7.257142857142867,0.0,0.0,-10.31000000000001,-1.2999999999999972,-1.7666666666666728
-0.8571428571428612,-0.3333333333333357,5.849999999999994,4.233333333333341,-1.25,0.5666666666666629,1.4333333333333371,1.6500000000000057,-0.6571428571428584,-2.575000000000003,0.0,1.5133333333333354,0.0,4.299999999999997,-2.2866666666666617,0.0
-6.075000000000003,9.399999999999991,0.3199999999999932,0.0,0.3333333333333357,4.599999999999994,-6.517142857142851,-0.634999999999998,1.7771428571428558,16.739999999999995,0.0,0.0,6.549999999999997,0.0,4.399999999999999,0.0
0.0,-7.019999999999996,2.3299999999999983,-1.7000000000000028,0.0,-5.657142857142858,-1.0750000000000028,-0.17499999999999716,-1.4666666666666686,0.0,12.299999999999997,1.13333333333334,-0.20000000000000284,-1.8999999999999915,0.0,1.7666666666666586
0.10000000000000853,0.0,0.0,-0.3999999999999986,0.14999999999999858,0.0,0.0,-6.3700000000000045,0.0,-5.710000000000008,-0.5,-3.193333333333328,0.0,0.0,0.0,0.0
-0.07500000000000284,0.0,-6.840000000000003,0.3571428571428541,-0.17500000000000426,-0.04285714285714448,-2.893333333333338,11.620000000000005,-0.07500000000000284,-0.07499999999999574,17.10000000000001,0.0,0.0,-1.0349999999999966,0.0,-2.200000000000003
