x1,x2,x3,x4,x5,x6,x7,x8,x9,x10,x11,x12,x13,x14,x15,x16
-0.6000000000000085,3.500000000000007,0.19999999999999574,3.8500000000000014,0.0,1.3000000000000043,0.6800000000000068,-3.125,-0.8999999999999915,0.7999999999999972,0.0,2.1000000000000014,-4.470000000000006,0.0,2.5999999999999943,0.0
-0.20000000000000284,-1.5333333333333385,-0.1428571428571459,2.240000000000002,4.0,-0.6999999999999957,-0.14999999999999147,0.0,0.0,-3.94285714285715,-1.9200000000000017,-1.5500000000000043,11.099999999999994,-0.6666666666666643,7.700000000000003,2.6000000000000014
0.0,0.0,8.5,0.0,10.966666666666683,-0.06666666666665577,1.2000000000000028,5.260000000000005,0.0,0.0,0.2666666666666657,0.0,-1.1750000000000043,-3.049999999999997,1.25,-3.346666666666657
2.500000000000007,-3.0700000000000074,0.0,4.63333333333334,-0.75,-9.93333333333333,5.0,0.0,0.0,-4.5,3.799999999999997,5.166666666666664,3.0,0.0,-5.842857142857142,8.100000000000001
-2.625,10.600000000000001,0.0,2.3499999999999943,0.006666666666653498,1.7333333333333343,1.1499999999999986,0.0,-0.21999999999999886,13.920000000000002,-4.8799999999999955,3.2666666666666586,-0.10000000000000853,-1.9249999999999972,0.0,-1.125
0.0,0.0,0.0,0.0,0.0,9.880000000000003,0.0,-4.600000000000001,0.1666666666666643,4.050000000000004,0.3333333333333357,0.43333333333333,0.0,3.6899999999999977,17.700000000000003,-2.2628571428571504
-0.980000000000004,-3.750000000000007,-0.15714285714285126,0.0,-0.8666666666666671,-1.4333333333333371,0.8499999999999943,-1.1571428571428513,0.0,15.299999999999997,-16.044999999999995,8.300000000000011,0.0,-9.950000000000003,-20.224999999999998,-5.174999999999997
8.74666666666667,0.75,-3.0666666666666558,15.639999999999993,1.0999999999999943,-9.350000000000009,9.82,-2.25,-8.13333333333334,8.5,-0.5499999999999972,0.0,-1.2750000000000057,-10.950000000000003,0.0,2.700000000000003
-1.0333333333333243,-0.5750000000000028,1.2999999999999972,3.5,-1.0,8.0,1.2199999999999989,-6.189999999999998,0.0,-0.6999999999999957,-5.419999999999995,-12.097142857142856,1.8599999999999994,0.02666666666666373,-1.5333333333333385,-3.0266666666666637
0.0,0.0,0.0,-5.56666666666667,2.7900000000000063,0.0,4.493333333333339,-0.5,-0.030000000000001137,10.019999999999996,-5.575000000000003,2.219999999999999,4.199999999999996,-11.153333333333329,-5.266666666666666,-0.3999999999999915
1.559999999999988,-5.366666666666674,-1.700000000000017,0.0,0.0,0.0,-14.049999999999997,0.9500000000000028,0.9000000000000057,7.4666666666666615,-5.233333333333334,0.0,6.560000000000002,0.0,-1.6666666666666714,-0.625
-2.066666666666663,-0.8628571428571448,0.0,0.0,-0.01999999999999602,-12.700000000000003,0.36666666666666714,4.199999999999996,0.0,14.579999999999991,-2.4499999999999886,-11.086666666666666,0.0,-5.553333333333335,-18.060000000000002,0.0
6.499999999999993,0.0,0.0,0.0,-3.299999999999997,-3.4371428571428524,1.0666666666666629,6.240000000000002,0.0,-6.63333333333334,-1.9500000000000028,0.06666666666666998,-4.475000000000001,-6.63333333333334,-4.399999999999999,3.5999999999999943
0.13714285714285523,0.63333333333334,0.8428571428571487,12.86666666666666,0.0,0.02499999999999858,-0.8500000000000014,-1.2666666666666657,-0.13333333333333286,0.13333333333333286,0.0,1.6000000000000014,0.0,0.0,-0.10000000000000497,-0.20000000000000284
0.0,0.0,0.0,1.0333333333333385,-6.43333333333333,0.0,0.36666666666666714,-5.642857142857146,0.04285714285715159,-0.375,0.0,0.0,0.0,2.799999999999997,0.8428571428571487,1.36666666666666
1.7000000000000028,-0.12000000000000455,-2.299999999999997,0.15000000000000568,-1.06666666666667,-3.460000000000008,0.4000000000000057,-1.13333333333334,0.06666666666666998,-6.502857142857145,6.899999999999999,-3.5500000000000043,-4.56666666666667,12.04,-7.375,0.0
-2.1666666666666643,-1.6028571428571396,8.5,0.17999999999999972,0.0,4.029999999999994,-5.674999999999997,3.219999999999999,-3.6200000000000045,1.2600000000000051,-2.125,-14.14,-4.350000000000001,6.63333333333334,-0.25,-0.1428571428571459
-0.5028571428571382,3.4000000000000057,0.44999999999999574,-1.357142857142854,0.0,0.1666666666666714,3.0999999999999943,0.0,-7.549999999999997,0.3466666666666711,-4.999999999999993,-0.9000000000000057,9.940000000000005,-0.4000000000000057,1.25,0.0
-0.5428571428571516,-1.7428571428571473,0.43333333333333,-0.7571428571428527,0.8333333333333357,8.0,1.7999999999999972,-2.440000000000012,-0.7749999999999986,-0.20000000000000284,-0.36999999999999034,-4.490000000000002,0.0,-12.165,0.0,2.0333333333333385
-9.666666666666664,-0.8500000000000014,-7.0333333333333385,0.0,-2.1500000000000057,-10.255000000000003,0.0,0.5,0.4000000000000057,0.0,4.506666666666668,-2.1666666666666643,0.0,-5.36666666666666,1.6666666666666643,-1.125
